1 0.4497510914829588 0.5531252655148513 0.03941035617036836 0.47177975602978217
9 0.4955854842223987 0.5506038566331598 0.05276950365238287 0.47959255248809396
4 0.5636445613093327 0.5502922340299804 0.052866851146454244 0.4546430681858106
3 0.6134078212290502 0.5472168294093036 0.044887432418308906 0.4479382632054712
0 0.6592300455317306 0.5472860788766765 0.047097732416300546 0.4477997642707242
7 0.7061695882701655 0.5442452989896858 0.0471220692898183 0.4419952023662361
8 0.773779522070053 0.542196243024745 0.050498361470598115 0.43762009256686113
1 0.8190248344997183 0.5507077308342199 0.03831737460813192 0.42934733654666213
5 0.8653631284916194 0.550534607165787 0.0505470352176349 0.44157970556199655
9 0.915077714664303 0.5443837979244326 0.04936887459808397 0.4542968208489452
