8 0.4653511608879926 0.6328122964363706 0.045977602316705335 0.34893623425075904
7 0.5078212290502794 0.6273182336685802 0.043695095030687255 0.37085332153497363
5 0.5670869765597607 0.6386317600323677 0.043671159823433114 0.33919054824106015
3 0.6111372815466598 0.6494423942071085 0.04476454305193186 0.3495278721202268
1 0.6508679078358841 0.6416220680925312 0.037027087227044744 0.3670290878586535
9 0.6916500307409115 0.6580155107154816 0.049293654813084654 0.36702908785865374
4 0.7514445184592023 0.6470273851799015 0.04588186148768649 0.3452894919352791
6 0.7949600994354785 0.6470569670733746 0.043695095030688386 0.3561592898969663
8 0.8363068653601975 0.6494046428953788 0.041472425762806846 0.3609729691148692
2 0.8788128363333664 0.6495015579940548 0.04380280346333461 0.35071114785916097
