5 0.4335195530726258 0.4900366727216644 0.04916201117318437 0.33342701442917366
9 0.4826815642458101 0.4900366727216644 0.0513966480446927 0.33342701442917366
7 0.5458100558659218 0.47488089933852007 0.048044692737430165 0.34353086335126987
2 0.5938547486033521 0.47740686156904416 0.04581005586592184 0.3384789388902218
4 0.6402234636871509 0.47488089933852007 0.0513966480446927 0.34353086335126987
1 0.6854748603351957 0.47488089933852007 0.04134078212290504 0.34353086335126987
5 0.7486033519553073 0.46982897487747194 0.051396648044692766 0.3435308633512698
0 0.7966480446927374 0.45467320149432777 0.04916201117318437 0.34353086335126987
8 0.8418994413407819 0.44709531480275566 0.04581005586592182 0.3384789388902216
8 0.8888268156424581 0.4470953148027556 0.05027932960893853 0.34858278781231805
