3 0.44413407821229045 0.45825044283962396 0.048044692737430145 0.3085706499523095
8 0.4910614525139664 0.46285597492846436 0.0480446927374302 0.3269927783076713
9 0.5553072625698323 0.4582504428396239 0.0491620111731843 0.31778171412999057
1 0.6005586592178771 0.46285597492846436 0.03910614525139664 0.2993595857746287
2 0.6430167597765362 0.46055320888404416 0.04581005586592168 0.29475405368578833
7 0.688826815642458 0.4536449107507835 0.050279329608938494 0.2993595857746288
5 0.7508379888268155 0.4720670391061453 0.04916201117318422 0.31778171412999046
6 0.7949720670391061 0.46515874097288445 0.04581005586592161 0.32238724621883075
0 0.8385474860335194 0.46285597492846436 0.048044692737430096 0.3454149066630331
4 0.8826815642458099 0.46055320888404416 0.04692737430167597 0.3039651178634691
