3 0.4486033519553072 0.5163823040918013 0.06592178770949722 0.9512305601691077
6 0.5033519553072626 0.5367658160954251 0.0636871508379889 0.9104635361618602
6 0.5804469273743017 0.5095878000905936 0.07039106145251396 0.9376415521666922
5 0.629608938547486 0.49599879208817754 0.05474860335195537 0.9648195681715234
5 0.6787709497206704 0.5027932960893855 0.0636871508379889 0.9240525441642761
7 0.7329608938547483 0.5095878000905933 0.07150837988826808 0.9376415521666916
2 0.8055865921787709 0.5163823040918012 0.06703910614525142 0.924052544164276
6 0.855865921787709 0.4756152800845538 0.060335195530726186 0.9512305601691076
2 0.9111731843575419 0.5163823040918013 0.06592178770949715 0.9512305601691077
4 0.9636871508379887 0.5163823040918012 0.061452513966480354 0.924052544164276
