1 0.46201117318435747 0.46744746618268435 0.048044692737430165 0.32435130306553617
5 0.5111731843575419 0.46744746618268435 0.04804469273743024 0.32435130306553617
2 0.5743016759776536 0.4722173382865893 0.04916201117318444 0.3434307914811558
7 0.6189944134078212 0.4531378498709695 0.04245810055865931 0.31481155885772616
4 0.6631284916201118 0.46029265802682695 0.0458100558659217 0.3195814309616311
6 0.7089385474860335 0.460292658026827 0.050279329608938494 0.32912117516944106
9 0.7709497206703911 0.4531378498709695 0.04692737430167597 0.33389104727334595
8 0.8167597765363129 0.44598304171511216 0.04692737430167597 0.329121175169441
3 0.8603351955307262 0.44598304171511216 0.044692737430167426 0.31958143096163116
0 0.906145251396648 0.4483679777670646 0.053631284916201026 0.32435130306553606
