1 0.4441340782122905 0.46560980918522815 0.059217877094972095 0.42726547195820935
7 0.4910614525139665 0.4793042153377348 0.061452513966480354 0.4436987593412174
9 0.5569832402234638 0.4628709279547268 0.056983240223463696 0.45465428426322274
2 0.6044692737430167 0.4628709279547269 0.051396648044692766 0.49847638395124433
0 0.6474860335195531 0.45465428426322274 0.05474860335195537 0.503954146412247
3 0.6983240223463686 0.46834869041572946 0.055865921787709265 0.432743234419212
5 0.7642458100558659 0.4464376405717188 0.05586592178770957 0.48752085902923886
7 0.8083798882681562 0.4354821156497134 0.05251396648044668 0.48752085902923903
4 0.8519553072625698 0.41904882826670514 0.05474860335195575 0.4875208590292388
8 0.9 0.44917652180222023 0.056983240223463696 0.4820430965682363
