5 0.4436051151654634 0.4515098404352429 0.053769867047767594 0.481914777084018
6 0.4949819657627894 0.448212655639537 0.05155502762362514 0.47578778252455556
9 0.5648391148066348 0.4515974732537334 0.050348620674721324 0.45606309562931263
0 0.6145399877503293 0.44838792127651783 0.04705605770955847 0.44964399167488167
3 0.6625698324022349 0.4482710775185308 0.049280795857383916 0.4366889400080332
4 0.7117367929372606 0.4549530799284332 0.05154512889994245 0.43651367437105193
1 0.7810550802105954 0.4516851060722237 0.04032245092398374 0.46919341293314354
1 0.8234933833218875 0.45168510607222373 0.04263627758495898 0.45635520502428123
8 0.870929923223024 0.4385547887683938 0.0527119409541127 0.4564720487822689
2 0.9201315292909424 0.45171431701172066 0.05049710152997206 0.4564136269032753
