1 0.4368715083798883 0.45246239793725807 0.06256983240223482 0.7526944563816067
1 0.5022346368715082 0.4820627417275465 0.06592178770949735 0.7611516974645471
4 0.5725948331738633 0.4991641242488491 0.0658600574091791 0.7615254981753948
9 0.6206950831815798 0.48666516297986406 0.06800827186024287 0.7196130934715458
0 0.6731905305719311 0.5036730953234551 0.06362542053767074 0.736714475992849
0 0.7206827371215158 0.4956831051290756 0.06249575604185307 0.6361620847746962
7 0.7960523472946696 0.4827168929715305 0.06808234822062396 0.6609731069572422
9 0.8474922065495845 0.4869455135130003 0.06357603629741812 0.6863448302060604
3 0.8994351677520911 0.4953560295070835 0.06250810210191696 0.6862513800283486
0 0.9519676533226337 0.4954027545959396 0.06477977715361607 0.6863448302060607
