3 0.4592178770949721 0.471639829116004 0.053631284916201095 0.29930989155438714
9 0.5072625698324023 0.46937232993756167 0.051396648044692766 0.29477489319750255
5 0.5715083798882682 0.4671048307591194 0.048044692737430165 0.29930989155438725
2 0.6178770949720671 0.4671048307591194 0.04692737430167611 0.29930989155438725
6 0.6636871508379889 0.4671048307591194 0.04916201117318422 0.3083798882681565
1 0.7061452513966481 0.471639829116004 0.04469273743016757 0.30837988826815654
8 0.7726256983240225 0.47844232665133096 0.048044692737430096 0.3219848833388104
0 0.8189944134078213 0.471639829116004 0.04692737430167597 0.32651988169569507
3 0.8631284916201117 0.48070982582977323 0.04804469273743026 0.3355898784094645
4 0.9094972067039108 0.485244824186658 0.051396648044692766 0.32651988169569507
