8 0.4480446927374301 0.49677556473160067 0.0581005586592179 0.3708647073111488
5 0.4966480446927374 0.5059327179985426 0.05474860335195524 0.34339324751032324
8 0.5642458100558658 0.4876184114646587 0.05810055865921782 0.38002186057809084
4 0.6100558659217876 0.4921969880981297 0.051396648044692836 0.36170755404420696
2 0.654189944134078 0.48303983483118773 0.0525139664804469 0.38002186057809084
6 0.7050279329608938 0.4876184114646587 0.06256983240223463 0.35255040077726496
3 0.7687150837988826 0.4921969880981297 0.053631284916201165 0.37086470731114896
7 0.817877094972067 0.48303983483118773 0.05586592178770957 0.37086470731114884
1 0.8620111731843574 0.4921969880981297 0.0525139664804469 0.3983361671119748
0 0.9106145251396646 0.4944862764148651 0.06033519553072622 0.4029147437454456
