1 0.4379888268156425 0.4574157505856911 0.06480446927374295 0.7499969964558179
3 0.48882681564245817 0.4450531627320238 0.06368715083798883 0.7252718207484832
7 0.5620111731843576 0.44093230011413476 0.07374301675977663 0.8324142488136002
4 0.6106145251396647 0.453294887967802 0.06145251396648049 0.7747221721631524
3 0.6608938547486034 0.4697783384393584 0.061452513966480424 0.8406559740493782
4 0.7083798882681563 0.4862617889109149 0.06927374301675983 0.7582387216915961
2 0.7776536312849163 0.44093230011413476 0.07821229050279314 0.8324142488136002
6 0.8318435754189945 0.46977833843935846 0.0681564245810057 0.7912056226347091
4 0.875977653631285 0.4821409262930258 0.06480446927374302 0.7499969964558179
2 0.9335195530726257 0.46153661320358025 0.07932960893854756 0.7912056226347091
