1 0.45474860335195527 0.46230357779626774 0.04469273743016757 0.28041364554855586
9 0.4994413407821229 0.47935575894449073 0.053631284916201026 0.26904552478307386
4 0.5642458100558659 0.4850398193272316 0.051396648044692836 0.28041364554855586
3 0.6083798882681565 0.4869345061214787 0.04134078212290497 0.27662427196006184
0 0.6513966480446928 0.4926185665042197 0.04469273743016757 0.2652561511945798
7 0.6949720670391061 0.4869345061214787 0.049162011173184444 0.26146677760608594
8 0.7597765363128491 0.4888291929157257 0.051396648044692766 0.27283489837156777
1 0.806145251396648 0.4850398193272316 0.03910614525139678 0.26525615119457974
5 0.8486033519553072 0.4850398193272316 0.0458100558659217 0.26525615119457974
9 0.8955307262569832 0.49830262688696064 0.05474860335195544 0.2463092832521098
