4 0.43633754128213814 0.4010117455925968 0.0504027902095737 0.5244745208185438
5 0.48657983271088606 0.39737225335237625 0.05045217444982899 0.5163341180563935
8 0.5536559770363282 0.37831337386956343 0.04824222969844735 0.5092274172322933
2 0.6016883237136942 0.38623842206128683 0.04821753757831963 0.5245606626467145
9 0.6497453625111883 0.3936896901980702 0.048291613938701496 0.524388378990373
3 0.6977468440383963 0.3860661384049452 0.050415136269638304 0.5408414681710155
7 0.7620482113645483 0.3934743356276424 0.05603876662860002 0.55565786261641
6 0.8145498317849318 0.413093136993566 0.04493965863143949 0.5948954653482571
1 0.8581869810796628 0.4011840292489386 0.042779098120312525 0.601743740687844
4 0.9106453902898239 0.38979177247333696 0.05821167319979069 0.6092811506527983
