2 0.4513757999144875 0.45620768220786245 0.060481132442164284 0.5709716036351467
1 0.5022502729691624 0.4720709008058077 0.05047738684589047 0.5879360502535844
0 0.5664856589599254 0.43981283628967865 0.056105675285072557 0.539093272919187
5 0.6178562468418621 0.4315204798805448 0.049328796214827816 0.5550704116571841
9 0.6664960830250283 0.4275641685760626 0.04820105371397058 0.5631349277862167
1 0.7139925406096834 0.443996987874263 0.04923497962890436 0.5801753211646891
9 0.7799299644168353 0.4360843652652986 0.053818918088050845 0.5804791082048243
8 0.83129534026622 0.4396229693895941 0.044838674341605655 0.5715791777154189
7 0.8787865858183241 0.4233800169914786 0.05275371997780908 0.5558298792575241
4 0.9274159979363885 0.41558131452256575 0.06267407305326093 0.5562096130576948
