1 0.44692737430167595 0.5052513966480446 0.055865921787709494 0.8190391061452513
1 0.5072625698324023 0.47865921787709503 0.05586592178770957 0.8296759776536313
4 0.5798882681564246 0.48929608938547486 0.06256983240223456 0.9147709497206705
1 0.632960893854749 0.4999329608938546 0.04357541899441306 0.8722234636871505
9 0.6832402234636872 0.4999329608938545 0.054748603351954965 0.8722234636871505
2 0.735195530726257 0.49993296089385475 0.053631284916201026 0.8509497206703911
7 0.8078212290502793 0.48929608938547486 0.05810055865921782 0.9147709497206705
6 0.8642458100558659 0.48397765363128487 0.0547486033519553 0.8615865921787709
0 0.9139664804469274 0.49993296089385475 0.05139664804469263 0.8934972067039106
3 0.9687150837988827 0.5158882681564245 0.05810055865921797 0.8403128491620112
