9 0.4491620111731843 0.6030763500931097 0.05832278774036266 0.6641088099426936
6 0.5061822895768384 0.5935504593763182 0.05159418500571055 0.6460924514131094
2 0.5759714806012527 0.5932916036503183 0.0593783758757985 0.6466101628651083
3 0.6301675977653624 0.5888133995905224 0.04489027439118476 0.6555665709847017
6 0.6799067872465199 0.5890722553165222 0.05034105990925639 0.6550488595327013
4 0.7296089385474861 0.6120327582127019 0.05152010864532827 0.6080924308363425
4 0.8027747769992898 0.6130997870304642 0.05709435476403548 0.6302101505190494
3 0.8536621500663598 0.6211962509130942 0.051532454705391514 0.6278690083027251
7 0.9022655020216674 0.6028692655123098 0.050563288990400856 0.608920769159542
6 0.9547424303219235 0.6072439272817061 0.05706966264390744 0.6187055156023327
