5 0.4558659217877094 0.4825193728599747 0.055865921787709494 0.4135880338799784
2 0.5050279329608939 0.4742476121823752 0.051396648044692766 0.41910254099837807
6 0.5703910614525141 0.47976211930077495 0.056983240223463676 0.4080735267615787
3 0.616759776536313 0.46597585150477555 0.051396648044692836 0.42461704811677775
4 0.6625698324022344 0.4604613443863759 0.0536312849162011 0.4577040908271761
7 0.7067039106145251 0.45770409082717606 0.05921787709497209 0.47424761218237516
1 0.7731843575418995 0.4604613443863759 0.05139664804469263 0.45770409082717606
5 0.8201117318435754 0.46597585150477555 0.05139664804469304 0.4577040908271761
8 0.8631284916201117 0.44667507659037653 0.050279329608938494 0.4632185979455757
4 0.9122905027932962 0.4494323301495765 0.0525139664804469 0.4466750765903767
