8 0.4480446927374302 0.4890971346188502 0.07374301675977649 0.6719769327806812
7 0.5055865921787711 0.5018561903045594 0.06592178770949722 0.6804829699044872
2 0.5776536312849161 0.4976031717426562 0.06256983240223447 0.7060010812759054
6 0.6279329608938548 0.49335015318075326 0.05586592178770957 0.6804829699044873
0 0.6787709497206705 0.5061092088664626 0.06368715083798877 0.6549648585330691
1 0.7245810055865922 0.5188682645521716 0.050279329608938494 0.6804829699044873
5 0.7966727368128648 0.5040886367460565 0.07597765363128488 0.6889890070282934
1 0.8497947467514431 0.4855020415803355 0.061452513966480354 0.7315191926473239
2 0.9508379888268156 0.5401333573616868 0.06703910614525142 0.7400252297711298
5 0.7966727368128648 0.5040886367460565 0.07597765363128488 0.6889890070282934
5 0.8983425414364642 0.5089288896809837 0.06408839779005518 0.748672250935662
