2 0.44134078212290506 0.45103750997605746 0.053631284916201165 0.3547486033519553
0 0.4905027932960894 0.4561053471667996 0.0491620111731843 0.38515562649640855
8 0.5564245810055867 0.46117318435754184 0.055865921787709424 0.40542697525937754
3 0.6033519553072625 0.4687749401436551 0.04916201117318437 0.4104948124501196
5 0.6491620111731844 0.4687749401436551 0.04692737430167604 0.4104948124501196
7 0.6944134078212291 0.45357142857142846 0.0547486033519553 0.4003591380686352
1 0.7614525139664804 0.4586392657621707 0.0547486033519553 0.42063048683160403
6 0.8067039106145252 0.43836791699920197 0.05586592178770926 0.4206304868316042
4 0.854748603351955 0.43836791699920197 0.051396648044693155 0.4307661612130886
2 0.9027932960893854 0.4535714285714285 0.05810055865921782 0.40035913806863527
