7 0.4441340782122905 0.5107223365676762 0.07262569832402235 0.9785553268646477
1 0.504469273743017 0.4839164951484855 0.06592178770949723 0.967832990296971
8 0.5709497206703911 0.5000000000000001 0.05586592178770953 1.0
6 0.6212290502793296 0.44497696755856125 0.0603351955307263 0.8899539351171225
6 0.676536312849162 0.43961579927472316 0.061452513966480354 0.8792315985494463
4 0.7245810055865924 0.4556993041262374 0.06592178770949718 0.9113986082524748
0 0.7966480446927374 0.46106047241007553 0.06927374301675983 0.9221209448201511
5 0.846368715083799 0.428893462707047 0.05251396648044713 0.857786925414094
6 0.8960893854748604 0.4288934627070471 0.06480446927374288 0.8577869254140942
5 0.9541899441340783 0.40744878957169467 0.06480446927374302 0.8148975791433893
