9 0.45474860335195527 0.5519029329608939 0.07597765363128488 0.4590083798882681
0 0.5044692737430168 0.5682960893854748 0.06145251396648049 0.43715083798882676
8 0.5720670391061452 0.5792248603351956 0.06480446927374295 0.5136522346368716
6 0.6217877094972067 0.5710282821229051 0.05698324022346363 0.5300453910614525
4 0.6675977653631284 0.5901536312849163 0.056983240223463696 0.5136522346368716
1 0.7139664804469273 0.6010824022346369 0.07150837988826822 0.5792248603351955
3 0.8279329608938548 0.5655638966480446 0.06256983240223477 0.5519029329608938
7 0.7849162011173185 0.620207751396648 0.061452513966480354 0.6721194134078212
5 0.8743016759776536 0.5956180167597767 0.05921787709497214 0.5792248603351956
0 0.9229050279329608 0.6092789804469274 0.06703910614525142 0.5846892458100558
