8 0.43966480446927375 0.5223141383755909 0.07262569832402228 0.8391276321443919
1 0.4921787709497207 0.5394391920928234 0.06592178770949715 0.804877524709927
7 0.5748603351955307 0.5265954018048989 0.07039106145251395 0.8819402664374729
3 0.6268156424581006 0.5137516115169746 0.05810055865921797 0.8220025784271594
2 0.675977653631285 0.5180328749462828 0.06703910614525128 0.8305651052857758
1 0.7312849162011174 0.5223141383755909 0.06815642458100556 0.8048775247099269
8 0.7955307262569832 0.5437204555221316 0.06927374301675968 0.8305651052857757
1 0.8497206703910615 0.5308766652342072 0.056983240223463696 0.7535023635582295
8 0.8988826815642459 0.5394391920928234 0.06592178770949715 0.736377309840997
1 0.9530726256983241 0.4837827675118178 0.07374301675977649 0.7620648904168458
