1 0.4430167597765363 0.5093141976497785 0.07039106145251395 0.7997495665575033
0 0.49832402234636874 0.5556154883452129 0.07374301675977656 0.7408206511269505
1 0.5648044692737425 0.5177326141398572 0.06145251396648022 0.6987285686765552
7 0.6078212290502794 0.48405894817954154 0.0603351955307263 0.7997495665575035
9 0.6541899441340783 0.4503852822192255 0.06592178770949729 0.7997495665575033
2 0.7072625698324024 0.5261510306299364 0.06033519553072603 0.8165863995376612
1 0.7754189944134078 0.521941822384897 0.05139664804469263 0.8755153149682142
4 0.823463687150838 0.47143132344442307 0.06033519553072622 0.8586784819880563
1 0.8692737430167599 0.49668657291466006 0.051396648044692766 0.7744943170872665
3 0.9156424581005587 0.49668657291466006 0.06592178770949729 0.7913311500674244
