3 0.45474860335195527 0.4888992344299607 0.07597765363128488 0.5169253051934617
1 0.5067039106145251 0.4920132422925719 0.06145251396648049 0.5231533209186839
6 0.5770949720670392 0.5044692737430168 0.061452513966480424 0.6352576039726878
9 0.6245810055865922 0.5044692737430168 0.0625698324022347 0.6850817297744672
2 0.6709497206703913 0.4608731636664598 0.056983240223463696 0.6352576039726878
4 0.7201117318435755 0.48578522656734935 0.05921787709497202 0.5605214152700185
7 0.7905027932960894 0.4951272501551831 0.06592178770949715 0.5542933995447962
8 0.8396648044692739 0.5200393130560728 0.06368715083798877 0.591661493896131
0 0.888826815642458 0.4857852265673495 0.06145251396648065 0.6103455410717983
5 0.9413407821229052 0.4951272501551831 0.07262569832402235 0.6041175253465757
