6 0.435195530726257 0.48466892572579906 0.056983240223463696 0.37840461580730833
3 0.48044692737430184 0.4976279879109806 0.049162011173184444 0.38358824068138087
1 0.5396648044692737 0.47948530085172636 0.04692737430167604 0.3887718655554538
0 0.5804469273743017 0.48466892572579906 0.048044692737430165 0.3991391153035993
9 0.6195530726256984 0.46134261379247193 0.04804469273743024 0.404322740177672
8 0.6620111731843576 0.4691180511035809 0.04581005586592182 0.39913911530359925
7 0.7217877094972067 0.4587508013554355 0.04916201117318422 0.3887718655554538
2 0.7631284916201113 0.46134261379247193 0.051396648044693335 0.38358824068138114
4 0.8039106145251397 0.4743016759776538 0.045810055865921406 0.37840461580730866
3 0.8486033519553072 0.45356717648136274 0.0547486033519553 0.39913911530359925
