1 0.44748603351955313 0.4994337913332327 0.059217877094972025 0.8010720217424128
1 0.49944134078212293 0.504378680356334 0.06256983240223463 0.850520911973426
1 0.624581005586592 0.5142684584025371 0.05810055865921772 0.7714026876038056
4 0.5737430167597766 0.49448890231013115 0.07039106145251386 0.9098595802506414
9 0.670949720670391 0.5093235693794353 0.061452513966480354 0.8406311339272234
2 0.7256983240223464 0.49943379133323273 0.07039106145251395 0.8406311339272234
7 0.7944134078212289 0.48459912426392876 0.06927374301675983 0.8900800241582365
6 0.8430167597765363 0.47470934621772615 0.059217877094972095 0.8307413558810208
0 0.8921787709497206 0.4697644571946249 0.06815642458100556 0.8406311339272234
3 0.9452513966480447 0.49448890231013143 0.06927374301675983 0.771402687603805
