7 0.4458100558659217 0.46245096873885655 0.055865921787709494 0.37751099488886247
1 0.494413407821229 0.4624509687388565 0.04581005586592184 0.35863544514441925
8 0.5608938547486032 0.4530131938666349 0.04916201117318444 0.3775109948888624
9 0.6089385474860335 0.44357541899441344 0.04916201117318444 0.3586354451444194
5 0.6547486033519552 0.43649708784024716 0.0469273743016759 0.344478782836087
4 0.7027932960893852 0.4341376441221918 0.04916201117318461 0.3397598953999762
3 0.7698324022346368 0.43649708784024727 0.051396648044692766 0.3161654582194224
1 0.8167597765363128 0.4388565315583027 0.042458100558659166 0.31144657078331156
2 0.8631284916201113 0.43177820040413634 0.050279329608938494 0.33504100796386543
0 0.9100558659217876 0.41998098181385957 0.04804469273743024 0.32088434565553314
