9 0.45139664804469276 0.49449482047107046 0.053631284916201095 0.2994188821200977
7 0.49888268156424576 0.49449482047107046 0.04581005586592177 0.2994188821200977
1 0.5597765363128492 0.5058364447938014 0.04022346368715077 0.31302883130737486
6 0.6039106145251396 0.5194463939810786 0.04804469273743024 0.3402487296819292
8 0.6474860335195531 0.5103730945228936 0.04357541899441355 0.3311754302237443
5 0.6905027932960894 0.5149097442519861 0.04692737430167597 0.29488223239100536
6 0.753072625698324 0.5217147188456248 0.04916201117318422 0.3175654810364673
7 0.7972067039106144 0.51264141938744 0.04581005586592184 0.30849218157828245
2 0.8418994413407822 0.5149097442519861 0.05027932960893864 0.31302883130737486
1 0.8865921787709496 0.5194463939810785 0.048044692737430096 0.3039555318491901
