2 0.4597765363128491 0.479720100330635 0.05027932960893857 0.31357313875270776
7 0.506145251396648 0.472699806179455 0.04916201117318437 0.3088929426519211
6 0.5709497206703911 0.47738000228024163 0.05139664804469263 0.32761372705506775
4 0.6206703910614525 0.47738000228024163 0.04581005586592184 0.31825333485349444
0 0.664804469273743 0.4703597081290616 0.049162011173184215 0.30421274655113434
1 0.7078212290502793 0.4703597081290616 0.04134078212290504 0.29485235434956103
2 0.7731843575418993 0.4703597081290616 0.04916201117318422 0.30421274655113434
9 0.8195530726256984 0.46801961007866827 0.048044692737430096 0.2995325504503477
5 0.8670391061452516 0.4680196100786682 0.04469273743016765 0.2995325504503477
8 0.911731843575419 0.46567951202827484 0.04692737430167597 0.30421274655113434
