9 0.4480446927374302 0.47565841979249796 0.07150837988826808 0.8425949150609964
5 0.5039106145251396 0.48245354007524804 0.06703910614525142 0.9105461178884963
3 0.5726256983240223 0.5164291414889978 0.07486033519553068 0.924136358453996
0 0.6256983240223469 0.4756584197924977 0.05586592178770963 0.842594915060996
9 0.6765363128491618 0.4145023372477482 0.05921787709497261 0.8018241933644965
3 0.7273743016759776 0.43488769809599814 0.06256983240223463 0.8697753961919963
8 0.8027932960893854 0.43488769809599814 0.059217877094972095 0.8697753961919963
1 0.853072625698324 0.468863299509748 0.0547486033519553 0.9105461178884962
5 0.9027932960893855 0.41450233724774826 0.055865921787709424 0.8290046744954965
2 0.9564245810055862 0.448477938661498 0.07374301675977646 0.8697753961919962
