3 0.447510104636097 0.4845680834591201 0.05039968519165836 0.4352406467747596
6 0.4971946683523425 0.47923018653536575 0.049258295639360156 0.4471975136044378
2 0.5631585805157922 0.48197920205862815 0.05150496806914115 0.4296785620791253
5 0.6122905027932964 0.4851125394765425 0.04928236675590433 0.4356890223185194
1 0.6564065276681782 0.4851125394765423 0.039238536392388466 0.43620145151138745
9 0.7022105657549638 0.48827790371901053 0.05039968519165836 0.44201975080345546
9 0.7698805444677245 0.4913151606632616 0.049330508988992924 0.4599870778725276
3 0.818465843085624 0.4885341183154447 0.043780023485038025 0.4425321799963235
7 0.8637052041753968 0.5001386900750262 0.044873270804249105 0.4544890468260022
4 0.9123506805846552 0.48757331357881645 0.05059225412400969 0.4308955814121875
