2 0.44751072563968014 0.5388552057569912 0.05281027192197341 0.45623863303491224
1 0.49669125590296 0.5326849710595537 0.03943948887311313 0.48285673853199507
7 0.564276675206025 0.545850529977923 0.05153245470539192 0.49706262771911836
8 0.6123213679434549 0.5492363204780952 0.04492731257137578 0.4905610294284646
4 0.6597888823729124 0.5492721939356382 0.0504521744498298 0.5161746781143371
3 0.7077965369301518 0.5462408867732349 0.04816815333806664 0.4965518968381858
2 0.7754498595635664 0.5202326300543865 0.047087873082503326 0.48435492127348395
0 0.8240346924287785 0.5266223567347466 0.04600759282693925 0.47030102839186083
6 0.8698879595049224 0.5255461530084494 0.04604463100712943 0.46972705307116996
5 0.9195654186857616 0.5201292609194204 0.0494089323744577 0.4583192935724195
