5 0.4491620111731842 0.4790216977077943 0.04931127625612014 0.440405764433381
3 0.4994466716779422 0.48552459100577555 0.04930061446448189 0.44096158575972993
9 0.567619088946405 0.49187308949088204 0.051439295211245364 0.44108510161003056
0 0.6162011173184356 0.4853393172303258 0.048172634237089194 0.4408380699094305
8 0.6620218349759955 0.4915951788277076 0.048151310653812375 0.4538438565053939
6 0.7117425053670574 0.4855863489309255 0.053780549999136576 0.42826458878951795
4 0.7782336140860697 0.48857532439802925 0.05259926081355306 0.42154554275351136
7 0.8274222797383498 0.4983142248637131 0.04603395349032662 0.4412703753854798
1 0.8732056811251762 0.4950473387334351 0.04376733124390055 0.4479276634963364
3 0.9212237193835102 0.4887605981734788 0.05482323589342219 0.4351071506758234
