3 0.45079477761659315 0.5345545644412891 0.04832865211889196 0.4629669640009461
4 0.5016759776536314 0.5315637313908865 0.05156949288558291 0.4823111824439026
7 0.5681934627611966 0.5035968188318567 0.050501558690082875 0.46366657407121603
1 0.6167844686564401 0.5037017603423974 0.049433624494583064 0.4762595553360697
5 0.6625760054322661 0.5034219163142893 0.05163122318590097 0.45121351482041594
8 0.7133831291089229 0.509788367953743 0.05045217444982806 0.4515633198555519
2 0.7810055865921786 0.512709239997119 0.049384240254328866 0.43235902342664834
0 0.8296212846075496 0.5066925933928 0.04600759282693929 0.4455116927477183
4 0.8776598043149475 0.5130240645287405 0.04597055464674884 0.4452318487196105
6 0.9246118707367512 0.5100682119818518 0.04827926787863828 0.4524028519398755
