8 0.43798882681564244 0.45813391144834475 0.049162011173184264 0.3054226076322299
6 0.48379888268156424 0.464871174851997 0.0491620111731843 0.32788015231107037
7 0.5446927374301676 0.467116929319881 0.05251396648044697 0.3144056255037661
4 0.5910614525139664 0.47160843825564913 0.0469273743016759 0.3413546791183746
6 0.6318435754189945 0.46936268378776513 0.04804469273743039 0.31889713443953416
2 0.6782122905027933 0.4738541927235332 0.051396648044692766 0.2919480808249256
5 0.7396648044692736 0.4805914561271853 0.04692737430167602 0.2874565718891576
3 0.7843575418994413 0.48732871953083745 0.04692737430167597 0.3009310986964618
0 0.8273743016759775 0.4895744739987214 0.045810055865921954 0.2874565718891575
8 0.8709497206703912 0.48732871953083745 0.04581005586592184 0.2919480808249256
