1 0.4430167597765363 0.5415802075019952 0.056983240223463696 0.8609736632083
0 0.5033519553072625 0.5462090981644054 0.07039106145251388 0.9072625698324022
1 0.5720670391061452 0.5231444533120511 0.0469273743016759 0.9537110933758979
7 0.6223463687150838 0.5324022346368714 0.058100558659217955 0.9351955307262568
9 0.6782122905027933 0.5 0.05810055865921782 1.0
2 0.7340782122905029 0.5462889066241021 0.06256983240223477 0.9074221867517958
1 0.8011173184357543 0.5601755786113328 0.04469273743016757 0.8796488427773345
4 0.8497206703910613 0.5416600159616918 0.06145251396648059 0.9166799680766158
1 0.9016759776536313 0.5601755786113328 0.053631284916201026 0.8796488427773345
3 0.9603351955307262 0.5648044692737431 0.07262569832402221 0.870391061452514
