8 0.4597765363128491 0.4748603351955307 0.048044692737430165 0.2976736429583925
3 0.5055865921787709 0.4724978459657022 0.048044692737430165 0.3023986214180494
2 0.570391061452514 0.4819478028850162 0.05698324022346363 0.3212985352566775
1 0.6139664804469274 0.4701353567358737 0.03910614525139671 0.3165735567970205
7 0.6558659217877095 0.4701353567358737 0.044692737430167495 0.3165735567970205
4 0.7022346368715081 0.4724978459657022 0.048044692737430325 0.31184857833736324
9 0.764804469273743 0.4701353567358737 0.04804469273742996 0.3354734706356486
5 0.8083798882681563 0.4677728675060452 0.04357541899441344 0.32129853525667756
8 0.8519553072625702 0.47013535673587353 0.043575418994413105 0.3165735567970208
2 0.8949720670391063 0.4677728675060452 0.04469273743016757 0.32129853525667756
