9 0.4385474860335195 0.46805485017775517 0.061452513966480424 0.6370746571863889
7 0.4871508379888268 0.4713052310817673 0.06927374301675968 0.6305738953783646
1 0.5547486033519553 0.5103098019299136 0.050279329608938494 0.721584560690706
6 0.5972067039106145 0.5200609446419502 0.06815642458100556 0.7280853224987304
8 0.6430167597765362 0.47455561198577956 0.06815642458100556 0.637074657186389
5 0.6882681564245811 0.5298120873539868 0.06703910614525142 0.7605891315388521
6 0.7564245810055865 0.5363128491620112 0.05810055865921782 0.7605891315388523
7 0.8005586592178772 0.5558151345860843 0.06592178770949715 0.7605891315388523
2 0.8486033519553072 0.48105637379380384 0.06815642458100592 0.6500761808024378
1 0.8972067039106144 0.48430675469781614 0.08044692737430167 0.6955815134586083
