9 0.45083798882681564 0.4733543842603838 0.061452513966480424 0.3777507894097644
6 0.5039106145251396 0.48034976924945355 0.053631284916201165 0.38241437940247747
2 0.5687150837988827 0.45703181928588776 0.05810055865921782 0.36376001943162495
1 0.6145251396648045 0.4523682292931747 0.04245810055865924 0.3824143794024776
3 0.658100558659218 0.4500364342968181 0.05363128491620116 0.3777507894097644
5 0.7083798882681563 0.45003643429681817 0.053631284916201165 0.40573232936604325
9 0.771508379888268 0.45703181928588776 0.0547486033519553 0.39174155938790384
0 0.8156424581005587 0.4523682292931747 0.04916201117318437 0.40106873937333004
8 0.8642458100558658 0.4523682292931747 0.05027932960893847 0.36376001943162495
7 0.9100558659217876 0.4430410493077484 0.056983240223463696 0.3544328394461988
