9 0.4413407821229051 0.43152794874222744 0.05139664804469249 0.34215825521573057
3 0.48938547486033523 0.4315279487422277 0.04692737430167612 0.3421582552157308
5 0.5541899441340784 0.4238676892970993 0.04916201117318419 0.3574787741059874
0 0.6011173184357542 0.4213142694820567 0.04469273743016771 0.3523719344759019
8 0.6469273743016761 0.42386768929709945 0.04692737430167597 0.3574787741059874
2 0.6938547486033521 0.41876084966701393 0.04916201117318422 0.3472650948458164
7 0.758100558659218 0.41365401003692837 0.050279329608938494 0.3472650948458164
7 0.805586592178771 0.4085471704068428 0.04692737430167597 0.3472650948458164
4 0.8547486033519553 0.41110059022188566 0.05139664804469263 0.352371934475902
1 0.8977653631284918 0.4085471704068428 0.04357541899441344 0.3472650948458164
