4 0.45027932960893857 0.5425895497863951 0.06256983240223463 0.41018731514952356
1 0.4977653631284916 0.5218205718041407 0.05027932960893857 0.3894183371672692
2 0.5614525139664804 0.5244166940519225 0.0547486033519553 0.3738416036805784
8 0.6072625698324023 0.5244166940519225 0.05251396648044697 0.3842260926717056
5 0.6480446927374302 0.5218205718041407 0.0513966480446927 0.41018731514952345
4 0.6949720670391062 0.529608938547486 0.05139664804469263 0.4049950706539599
6 0.7541899441340781 0.5062438383174499 0.058100558659217774 0.42057180414065065
9 0.8016759776536315 0.49585934932632264 0.04804469273742987 0.3894183371672691
0 0.8463687150837989 0.5088399605652317 0.048044692737430436 0.36345711468945135
7 0.8910614525139665 0.493263227078541 0.050279329608938494 0.34268813670719694
