3 0.45027932960893857 0.558183692471402 0.06256983240223463 0.41437217345038585
0 0.5011173184357542 0.5703711093375898 0.0525139664804469 0.4387470071827614
7 0.5675977653631284 0.5508712423516893 0.053631284916201165 0.38999733971801
4 0.6178770949720671 0.5484337589784518 0.0513966480446927 0.424122106943336
8 0.6642458100558661 0.563058659217877 0.05251396648044687 0.43387204043628613
9 0.7150837988826817 0.5386838254855014 0.06033519553072622 0.4046222399574355
2 0.7804469273743018 0.5167464751263634 0.056983240223463696 0.4289970736898112
3 0.829050279329609 0.5167464751263634 0.051396648044692766 0.38999733971801015
5 0.8754189944134079 0.5045590582601756 0.050279329608938494 0.3851223729715349
6 0.9217877094972067 0.5216214418728384 0.051396648044692954 0.38024740622505976
