8 0.4452513966480447 0.4466392237577183 0.05251396648044692 0.33152602175830637
2 0.4966480446927374 0.43973243163775366 0.050279329608938494 0.3269214936783299
3 0.5631284916201118 0.43973243163775366 0.0513966480446927 0.3269214936783299
6 0.6122905027932961 0.4374301675977654 0.0491620111731843 0.33152602175830637
7 0.6586592178770949 0.42591884739782415 0.050279329608938425 0.33613054983828294
9 0.7083798882681563 0.42131431931784774 0.05139664804469263 0.33613054983828294
4 0.7726256983240224 0.42361658335783586 0.0547486033519553 0.33152602175830637
4 0.823463687150838 0.42591884739782415 0.051396648044692766 0.33613054983828294
1 0.8715083798882682 0.42361658335783586 0.042458100558659166 0.33152602175830637
6 0.9189944134078212 0.42361658335783586 0.0525139664804469 0.3407350779182593
