5 0.453072625698324 0.47145108150694737 0.06815642458100556 0.7714654061022777
9 0.5055865921787711 0.4768084801604355 0.06592178770949744 0.7393210141813494
7 0.5776536312849162 0.4821658788139234 0.06703910614525128 0.7500358114883254
1 0.6251396648044693 0.4821658788139235 0.061452513966480445 0.7714654061022778
5 0.6737430167597767 0.4768084801604353 0.06703910614525124 0.8036097980232058
0 0.7217877094972067 0.47680848016043553 0.06703910614525142 0.7821802034092538
4 0.7921787709497207 0.4821658788139236 0.06480446927374317 0.7928950007162299
1 0.8424581005586592 0.49823807477438764 0.05810055865921782 0.8893281764790144
8 0.8871508379888269 0.49288067612089953 0.07374301675977649 0.8571837845580862
4 0.9435754189944134 0.5035954734278757 0.0681564245810057 0.8357541899441341
