8 0.44748603351955313 0.5369574559518694 0.07262569832402228 0.9102707348517405
2 0.5083798882681565 0.5165019338203696 0.08491620111731848 0.9307262569832402
4 0.5731843575418994 0.5113880532874947 0.06703910614525135 0.8182208852599915
0 0.6268156424581006 0.5216158143532446 0.05810055865921797 0.8795874516544909
6 0.6804469273743017 0.5420713364847443 0.06480446927374317 0.9000429737859905
2 0.7307262569832403 0.5318435754189944 0.06927374301675983 0.7773098409969919
4 0.8011173184357543 0.5011602922217447 0.06703910614525128 0.9000429737859906
8 0.8547486033519553 0.5165019338203696 0.06703910614525142 0.9102707348517405
4 0.9033519553072625 0.5011602922217446 0.06368715083798902 0.9000429737859903
0 0.9575418994413408 0.51022776106575 0.06256983240223477 0.9795444778685003
