6 0.44692737430167595 0.5258710005078719 0.06256983240223463 0.5258710005078719
7 0.4960893854748603 0.5472727272727274 0.06256983240223463 0.6053631284916201
3 0.5692737430167597 0.538100558659218 0.06592178770949715 0.5870187912646014
1 0.6167597765363129 0.5564448958862367 0.06703910614525128 0.6726256983240225
0 0.664245810055866 0.5411579481970543 0.06368715083798872 0.6420518029456581
5 0.7134078212290502 0.5564448958862367 0.0636871508379889 0.6237074657186389
9 0.78268156424581 0.5472727272727274 0.059217877094972095 0.6542813610970036
4 0.8335195530726257 0.5319857795835451 0.06033519553072637 0.623707465718639
7 0.8798882681564245 0.5381005586592178 0.06592178770949715 0.6848552564753682
2 0.9301675977653631 0.5258710005078719 0.07262569832402235 0.6603961401726766
