2 0.4558659217877094 0.5297714575926866 0.0849162011173184 0.8440426612493652
1 0.5150837988826817 0.5252818689690201 0.06480446927374282 0.8171051295073646
0 0.5815642458100558 0.5073235144743524 0.06592178770949715 0.8709801929913661
5 0.629608938547486 0.5118131030980194 0.06592178770949715 0.8440426612493652
9 0.6826815642458101 0.5028339258506856 0.07150837988826808 0.8260843067546979
1 0.7340782122905029 0.5163026917216862 0.06480446927374302 0.8350634840020316
9 0.7960893854748603 0.5297714575926867 0.07039106145251395 0.7542508887760286
8 0.8463687150837993 0.5163026917216862 0.0681564245810054 0.7452717115286949
7 0.8977653631284918 0.5207922803453531 0.07262569832402235 0.8260843067546979
4 0.9463687150837988 0.5342610462163535 0.07150837988826822 0.7991467750126969
