6 0.4357541899441341 0.3921921520088315 0.051396648044692766 0.3868196567758338
0 0.4854748603351956 0.3975646472418291 0.048044692737430165 0.36532967584384296
1 0.5491620111731843 0.3868196567758338 0.04581005586592184 0.3868196567758337
4 0.5960893854748603 0.38144716154283614 0.050279329608938494 0.37607466630983843
6 0.6458100558659217 0.37876091392633726 0.04916201117318437 0.37070217107684067
3 0.6905027932960894 0.3760746663098384 0.04692737430167597 0.365329675843843
8 0.757541899441341 0.3760746663098382 0.046927374301675956 0.39756464724182883
2 0.8044692737430168 0.3626434282273442 0.046927374301675824 0.3814471615428361
7 0.8502793296089385 0.3626434282273442 0.04469273743016771 0.3814471615428361
5 0.8972067039106144 0.35458468537784765 0.04692737430167611 0.365329675843843
