0 0.4536312849162012 0.5798622840067559 0.06927374301675976 0.8283746914382226
0 0.5094972067039106 0.5280888657918669 0.0648044692737431 0.766246589580356
4 0.5765363128491621 0.5539755748993115 0.06033519553072622 0.8387293750812005
2 0.6273743016759776 0.5436208912563336 0.06592178770949715 0.8180200077952449
9 0.6793296089385475 0.5229115239703781 0.06033519553072622 0.6937638040795114
8 0.7391061452513966 0.5280888657918669 0.07262569832402235 0.8076653241522669
1 0.8027932960893855 0.5229115239703781 0.06815642458100556 0.9215668442250228
5 0.8547486033519553 0.4866701312199559 0.05810055865921782 0.8490840587241784
2 0.9050279329608938 0.5022021566844225 0.06033519553072622 0.8180200077952449
5 0.9575418994413408 0.5073794985059115 0.06703910614525142 0.8076653241522672
