2 0.4480446927374302 0.4008938547486033 0.08491620111731833 0.7606703910614524
1 0.5016759776536313 0.43173184357541905 0.07597765363128495 0.7812290502793298
0 0.5659217877094972 0.47798882681564253 0.07039106145251395 0.9559776536312851
5 0.6150837988826816 0.4368715083798883 0.06145251396648049 0.8120670391061453
9 0.6620111731843576 0.4368715083798883 0.0703910614525141 0.7915083798882683
1 0.7122905027932961 0.4471508379888269 0.056983240223463835 0.7915083798882683
9 0.7798882681564245 0.43687150837988825 0.05139664804469263 0.8737430167597765
8 0.8245810055865923 0.4368715083798883 0.06033519553072622 0.7915083798882683
7 0.8703910614525134 0.4625698324022344 0.06256983240223545 0.8223463687150834
4 0.9256983240223464 0.4163128491620111 0.0681564245810057 0.791508379888268
