7 0.4463687150837989 0.47952678278015115 0.07039106145251395 0.5727681016540694
8 0.4955307262569829 0.47952678278015143 0.06368715083798882 0.5594479132435101
2 0.5709497206703911 0.46953664147223134 0.06256983240223456 0.5927483842699091
4 0.6139664804469274 0.47286668857487124 0.0636871508379889 0.6526892321174279
6 0.6614525139664805 0.46287654726695154 0.055865921787709355 0.6593493263227078
9 0.7106145251396648 0.48285682988279105 0.06927374301675983 0.5661080074487895
5 0.7782122905027933 0.4728666885748713 0.0681564245810057 0.6393690437068682
5 0.8301675977653632 0.4595465001643116 0.07150837988826822 0.7725709278124658
3 0.876536312849162 0.41958593493263224 0.06815642458100556 0.6660094205279877
1 0.9251396648044684 0.47952678278015104 0.06927374301676101 0.5194873480118303
