1 0.44468231336506503 0.49310557886877915 0.04483867434160611 0.6120536518806473
3 0.4922621634705422 0.49683404989315966 0.054957084654009086 0.6207257420899522
7 0.5647679850458838 0.484813222459645 0.057097904939592735 0.5963803001827866
4 0.6189683532450643 0.47214684756584174 0.053704253371920446 0.6031537213912413
3 0.6665012950575793 0.4724126612259611 0.04591429651694914 0.603837242231548
4 0.7173549199820494 0.47260252812604575 0.05819437524514217 0.6201941147697136
2 0.7898920137526997 0.4445665885745174 0.058204799310245026 0.6123574389207828
6 0.8418577450803717 0.44787735241871124 0.04812808525825162 0.6360193599876429
4 0.8904767331333333 0.45179569034317624 0.05591804211322318 0.6117498648405114
2 0.9385579100986229 0.43958499600957707 0.053756373697433094 0.5876322632134494
