1 0.4480446927374302 0.482075561026418 0.06703910614525142 0.4484423823501562
2 0.5016759776536314 0.4876810908057949 0.06703910614525142 0.5044976801439258
4 0.5726256983240223 0.48487832591610647 0.06592178770949722 0.5101032099233028
8 0.6223463687150835 0.4876810908057948 0.06480446927374316 0.5269197992614335
2 0.6715083798882682 0.4932866205851718 0.06703910614525128 0.5381308588201875
1 0.71731843575419 0.476470031247041 0.06480446927374302 0.5493419183789413
6 0.7899441340782124 0.49889215036454887 0.07150837988826808 0.5717640374964492
3 0.840223463687151 0.5016949152542374 0.06480446927374302 0.5549474481583184
9 0.8905027932960895 0.4848783259161064 0.06703910614525108 0.5437363885995644
7 0.9413407821229051 0.476470031247041 0.07039106145251395 0.594186156613957
