6 0.4541899441340782 0.4452572772713907 0.056983240223463696 0.3484622169950014
1 0.5016759776536313 0.4476771537783004 0.04469273743016757 0.35330197000882085
4 0.5670391061452514 0.4573566598059395 0.05251396648044682 0.34362246398118196
3 0.6145251396648043 0.45493678329902965 0.046927374301675956 0.3387827109673624
8 0.659776536312849 0.4476771537783004 0.0435754189944133 0.343622463981182
5 0.7050279329608938 0.4476771537783004 0.053631284916201026 0.3049044398706263
6 0.7675977653631285 0.4476771537783004 0.051396648044692766 0.3049044398706263
2 0.8139664804469274 0.45009703028521014 0.0458100558659217 0.31942369891208466
7 0.8597765363128491 0.4355777712437518 0.050279329608938494 0.32910320493972356
0 0.905586592178771 0.4525169067921199 0.0525139664804469 0.3242634519259041
