9 0.46201117318435747 0.5052113733010922 0.05027932960893857 0.32757997720892745
4 0.5106145251396648 0.5075182745490424 0.05139664804469276 0.3137385697212262
6 0.5737430167597765 0.4959837683092915 0.05474860335195555 0.3091247672253258
7 0.6212290502793295 0.49367686706134123 0.04692737430167611 0.322966174713027
1 0.6636871508379888 0.4982906695572417 0.04692737430167597 0.3783318046638317
3 0.7117318435754189 0.49367686706134123 0.055865921787709424 0.34142138469662847
4 0.7737430167597763 0.5167458795408433 0.052513966480446775 0.3229661747130271
2 0.8201117318435754 0.5052113733010924 0.046927374301676 0.30912476722532567
0 0.8648044692737429 0.4913699658133911 0.046927374301675824 0.3091247672253259
5 0.9089385474860333 0.49598376830929153 0.048044692737430096 0.2998971622335251
