1 0.4441340782122905 0.5110893854748604 0.06815642458100556 0.8311173184357543
0 0.506145251396648 0.5301955307262569 0.07597765363128488 0.7929050279329607
1 0.5748603351955307 0.5397486033519553 0.061452513966480424 0.850223463687151
7 0.623463687150838 0.5063128491620111 0.05586592178770957 0.8215642458100558
9 0.6715083798882681 0.5110893854748603 0.060335195530726346 0.7546927374301675
2 0.724022346368715 0.501536312849162 0.06480446927374302 0.8311173184357541
1 0.7916201117318437 0.501536312849162 0.056983240223463696 0.7929050279329608
4 0.8418994413407822 0.5158659217877094 0.06368715083798876 0.8406703910614525
1 0.8905027932960894 0.4919832402234636 0.05810055865921782 0.8502234636871507
3 0.9413407821229051 0.47765363128491617 0.07039106145251395 0.8024581005586592
