3 0.4106145251396648 0.5219400711020823 0.06368715083798876 0.9467750126968003
5 0.46592178770949766 0.4855256475368208 0.064804469273743 0.9710512950736416
5 0.5659217877094973 0.5098019299136617 0.061452513966480424 0.9710512950736414
7 0.6117318435754191 0.5098019299136617 0.05251396648044614 0.9710512950736413
3 0.6625698324022344 0.4999999999999997 0.05810055865921801 0.9999999999999994
8 0.7100558659217877 0.5098019299136617 0.06145251396648064 0.9710512950736414
5 0.8094972067039106 0.5219400711020823 0.0636871508379889 0.9224987303199594
9 0.8603351955307261 0.4976637887252412 0.05586592178770961 0.9467750126968003
3 0.9055865921787714 0.4976637887252412 0.05474860335195492 0.9467750126968003
0 0.9569832402234636 0.491594718131031 0.06592178770949723 0.983189436262062
