3 0.4106145251396648 0.5188248204309658 0.07039106145251395 0.9623503591380687
5 0.46424581005586596 0.5 0.05921787709497207 1.0
5 0.5698324022346368 0.5125498802873104 0.06480446927374295 0.9749002394253791
7 0.6134078212290504 0.5125498802873104 0.053631284916201144 0.9749002394253791
3 0.6631284916201118 0.495720271348763 0.05698324022346363 0.9663407821229051
8 0.715642458100558 0.5000000000000003 0.061452513966480306 0.9999999999999994
5 0.8167597765363126 0.5062749401436553 0.06703910614525194 0.9874501197126897
9 0.8659217877094973 0.5125498802873103 0.05586592178770937 0.9749002394253787
3 0.9139664804469271 0.5188248204309656 0.05363128491620156 0.9623503591380684
0 0.9636871508379887 0.5145450917797286 0.06592178770949715 0.8784916201117318
