1 0.4491620111731844 0.48804469273743023 0.04469273743016764 0.30677094972067037
6 0.49497206703910634 0.47874860335195535 0.05363128491620118 0.30677094972067037
3 0.5614525139664805 0.47874860335195535 0.0525139664804469 0.3067709497206705
4 0.6067039106145252 0.46712849162011183 0.04692737430167604 0.3207150837988827
9 0.6519553072625699 0.47410055865921796 0.050279329608938494 0.3160670391061453
8 0.6977653631284917 0.4810726256983241 0.04804469273743024 0.3207150837988827
7 0.7592178770949721 0.4741005586592179 0.059217877094972095 0.35325139664804484
1 0.8072625698324023 0.46945251396648047 0.04357541899441344 0.32536312849162013
5 0.8502793296089386 0.47177653631284927 0.04916201117318451 0.3207150837988827
6 0.8977653631284918 0.46712849162011183 0.0525139664804469 0.3393072625698325
