3 0.4335195530726257 0.5131458510873339 0.06927374301675983 0.39185683173941854
1 0.48715083798882675 0.5224757756525582 0.06256983240223456 0.3731969826089701
6 0.554189944134078 0.5014834453808035 0.060335195530726776 0.3965217940220307
9 0.6033519553072625 0.5178108133699459 0.06033519553072615 0.3918568317394185
2 0.6502793296089383 0.517810813369946 0.055865921787709244 0.3825269071741942
4 0.6966480446927374 0.5108133699460279 0.059217877094972095 0.35920209576113377
7 0.764804469273743 0.5084808888047218 0.059217877094972095 0.3918568317394186
8 0.8111731843575418 0.5271407379351702 0.055865921787709424 0.38252690717419424
0 0.8586592178770949 0.5084808888047219 0.056983240223463696 0.4198466054350915
5 0.9083798882681563 0.517810813369946 0.06480446927374288 0.363867058043746
