5 0.44692737430167595 0.4394013952007409 0.053631284916201095 0.2961183315483254
0 0.494413407821229 0.44178944626161454 0.04581005586592184 0.310446637913567
7 0.5569832402234636 0.43940139520074095 0.0525139664804469 0.30567053579181985
8 0.6044692737430165 0.43701334413986737 0.04692737430167588 0.31999884215706137
6 0.6502793296089385 0.44656554838336177 0.04916201117318451 0.31999884215706137
4 0.6966480446927374 0.44656554838336177 0.0525139664804469 0.3008944336700726
1 0.7581005586592178 0.44417749732248824 0.04357541899441344 0.29611833154832545
0 0.8033519553072626 0.4370133441398674 0.04692737430167597 0.31999884215706137
9 0.8519553072625697 0.43940139520074095 0.04581005586592184 0.3152227400353142
3 0.8955307262569832 0.44178944626161454 0.048044692737430096 0.310446637913567
