6 0.4614525139664804 0.44992912532310514 0.05810055865921782 0.32530086995191637
4 0.5094972067039106 0.46049084187998557 0.051396648044692836 0.3295255565746686
3 0.5776536312849162 0.46682787181411384 0.05810055865921782 0.342199616442925
2 0.6229050279329609 0.4520414686344813 0.0525139664804469 0.3295255565746686
4 0.6709497206703913 0.4689402151254899 0.056983240223463696 0.31262681008365995
1 0.7162011173184358 0.471052558436866 0.051396648044692766 0.3084021234609078
8 0.7821229050279331 0.47738958837099416 0.05810055865921797 0.31262681008365995
5 0.8290502793296091 0.4647155285027378 0.04692737430167611 0.3210761833291643
9 0.8754189944134076 0.48161427499374637 0.05474860335195542 0.2957280635926511
0 0.9234636871508378 0.48795130492787464 0.05698324022346358 0.31685149670641205
