1 0.43517083860612993 0.5103123896142199 0.052612734960955775 0.7213437085964017
1 0.4860705577332633 0.5170332760613325 0.051470724405074234 0.7140498163523565
4 0.5524954473903516 0.5020913997116965 0.054785641532146136 0.743268253592646
9 0.605580419148739 0.5019805138018659 0.05369301521651915 0.6846096072924055
0 0.6564184079755543 0.49712925524678964 0.048106423037748834 0.6945338962222197
0 0.7034260316676437 0.4905746976644228 0.05042748232970206 0.7012733589171137
7 0.7742831568875581 0.4607463879200662 0.053668323096392016 0.7212328226865715
9 0.8251520108645323 0.4605246161004055 0.05030402172906626 0.7018277884662651
3 0.8731720114818353 0.46052461610040546 0.050304021729066915 0.7216763663258924
0 0.9252075681348186 0.4755219354049565 0.05600172844840936 0.7115303055764182
