2 0.44804469273743025 0.535059933828714 0.04916201117318437 0.3125128817052666
8 0.49497206703910623 0.525589846504312 0.04692737430167604 0.3125128817052666
8 0.5547486033519553 0.530324890166513 0.048044692737430165 0.3030427943808646
0 0.6000000000000001 0.530324890166513 0.04692737430167604 0.3030427943808646
4 0.6402234636871509 0.530324890166513 0.042458100558659166 0.3030427943808646
2 0.6849162011173188 0.530324890166513 0.04916201117318463 0.30304279438086457
1 0.7435754189944136 0.5326924119976135 0.04357541899441344 0.29830775071866356
6 0.7882681564245811 0.5326924119976135 0.048044692737430096 0.29830775071866356
7 0.8312849162011173 0.5279573683354125 0.04469273743016757 0.2983077507186636
9 0.8748603351955307 0.5279573683354125 0.04692737430167611 0.2888376633942616
