7 0.4441340782122905 0.3976743456154668 0.056983240223463696 0.3408637248132573
3 0.49441340782122917 0.4124945075638692 0.052513966480447004 0.3507438327788593
8 0.5625698324022348 0.4149645345552696 0.05474860335195537 0.3556838867616597
1 0.6117318435754191 0.41743456154667 0.04357541899441339 0.35074383277885884
9 0.6592178770949721 0.4149645345552696 0.0491620111731843 0.3556838867616597
6 0.7061452513966481 0.4124945075638692 0.05139664804469263 0.35074383277885895
2 0.7737430167597765 0.4297846965036722 0.0547486033519553 0.36556399472726137
5 0.8223463687150837 0.4248446425208713 0.04692737430167611 0.37544410269286305
0 0.870391061452514 0.42484464252087123 0.051396648044692766 0.36556399472726125
1 0.9195530726256982 0.43225472349507255 0.04469273743016757 0.3902642646412655
