4 0.45810055865921795 0.5032473787049014 0.053631284916201095 0.307923053636789
0 0.5072625698324024 0.5101411784131877 0.053631284916201165 0.32171065305336166
1 0.5703910614525141 0.5055453119409968 0.04357541899441344 0.3125189201089798
9 0.6145251396648045 0.5032473787049014 0.04916201117318444 0.3354982524699343
3 0.6614525139664803 0.496353578996615 0.044692737430167856 0.33090238599774324
7 0.7050279329608939 0.4917577125244242 0.051396648044692766 0.3309023859977433
6 0.7675977653631287 0.4917577125244242 0.053631284916201165 0.3400941189421251
4 0.8162011173184358 0.49405564576051963 0.04581005586592169 0.3446899854143159
8 0.8592178770949721 0.48945977928832873 0.04916201117318436 0.35388171835869775
8 0.906145251396648 0.5009494454688058 0.051396648044692766 0.34009411894212505
