7 0.4390876261613011 0.4796099586668556 0.051631223185900604 0.3786064750899928
5 0.489354609710176 0.4827096044500223 0.04929781783388407 0.39707586706222886
5 0.5570017593135591 0.49449789463056265 0.048279267878638496 0.43228013419539524
8 0.6067532948547787 0.5059007366308118 0.047198987623074666 0.43247285828553933
1 0.6520046915028241 0.5057722539040488 0.03726658230192387 0.44384357960409915
3 0.6994413407821226 0.5003759793799868 0.04948300873483773 0.4211663783303625
2 0.7682119818512912 0.5032829010730085 0.05264977314114739 0.4159949485781365
9 0.8167412574462171 0.497308454278511 0.04495200469150279 0.3920329200367658
4 0.8642890212660882 0.506254064129412 0.05046452050989194 0.4094102088315133
7 0.9145745239050584 0.48881253397128277 0.050526250810210796 0.3861548352873411
