6 0.43575418994413406 0.4675459310027068 0.053631284916201165 0.33058803202211595
2 0.48324022346368706 0.4675459310027069 0.0525139664804469 0.32114265967862693
4 0.5486033519553073 0.47699130334619594 0.053631284916200936 0.3211426596786271
5 0.5960893854748602 0.4793526464320682 0.04581005586592177 0.30697460116339337
8 0.6402234636871508 0.48171398951794037 0.04692737430167597 0.32114265967862693
7 0.6854748603351953 0.4840753326038127 0.048044692737430096 0.31641997350688233
9 0.7519553072625698 0.48643667568968496 0.05139664804469263 0.33058803202211606
7 0.7972067039106143 0.4840753326038127 0.04804469273743031 0.32586534585037136
2 0.8441340782122905 0.48643667568968496 0.048044692737430485 0.31169728733513785
4 0.8882681564245809 0.495882048033174 0.04692737430167597 0.330588032022116
