1 0.4536312849162012 0.4946260953407253 0.053631284916201095 0.3557836826135042
8 0.5005586592178771 0.4902872699429997 0.05586592178770957 0.3297507302271503
4 0.5675977653631286 0.5033037461361767 0.0581005586592179 0.347106031818053
7 0.6145251396648044 0.4772707937498227 0.0513966480446931 0.33842838102260153
6 0.6575418994413404 0.4859484445452742 0.05251396648044635 0.3297507302271502
0 0.7050279329608938 0.49679550803958816 0.053631284916201026 0.3427672064203272
5 0.769832402234637 0.47293196835209705 0.058100558659217684 0.3210730794316989
2 0.8184357541899442 0.47076255565323427 0.050279329608938494 0.3167342540339733
9 0.8631284916201117 0.47944020644868557 0.0547486033519553 0.31673425403397326
4 0.9128491620111732 0.48377903184641124 0.053631284916201026 0.33408955562487597
