1 0.45139664804469276 0.49571694599627564 0.06256983240223463 0.9914338919925513
3 0.500558659217877 0.5126163873370577 0.06256983240223463 0.8900372439478584
7 0.5787709497206703 0.5225325884543759 0.06703910614525113 0.9549348230912473
4 0.6307262569832396 0.5337988826815642 0.06145251396648059 0.9324022346368713
3 0.6793296089385475 0.46191806331471136 0.06033519553072622 0.9013035381750466
4 0.730167597765363 0.48445065176908725 0.07039106145251373 0.9463687150837984
2 0.8033519553072623 0.4675512104283054 0.0648044692737435 0.9125698324022347
6 0.8553072625698321 0.5 0.05698324022346399 1.0
4 0.9039106145251397 0.47881750465549344 0.06256983240223463 0.9351024208566108
2 0.9558659217877096 0.45628491620111733 0.07039106145251395 0.9125698324022347
