4 0.4424581005586592 0.5240782122905029 0.06927374301675976 0.5270391061452514
3 0.4905027932960894 0.5211173184357543 0.06256983240223456 0.5803351955307263
6 0.5581005586592178 0.5684916201117319 0.06592178770949722 0.6395530726256985
1 0.6078212290502794 0.5536871508379889 0.051396648044692836 0.7046927374301677
8 0.6486033519553073 0.5862569832402236 0.07039106145251395 0.7461452513966481
0 0.6927374301675977 0.5803351955307263 0.06033519553072622 0.6869273743016759
5 0.758659217877095 0.5388826815642459 0.06256983240223463 0.6513966480446928
4 0.8089385474860336 0.5684916201117319 0.06480446927374302 0.7106145251396648
2 0.8536312849162013 0.5388826815642458 0.06703910614525084 0.6513966480446924
9 0.8983240223463688 0.5270391061452514 0.06480446927374288 0.5566480446927374
