9 0.4480446927374302 0.5426975259377494 0.06927374301675983 0.8900239425379091
6 0.5072625698324023 0.5318435754189944 0.06480446927374302 0.846608140462889
2 0.5765363128491621 0.5101356743814844 0.06480446927374288 0.890023942537909
3 0.6301675977653631 0.5101356743814844 0.06033519553072622 0.911731843575419
6 0.6810055865921788 0.49928172386272945 0.06592178770949729 0.933439744612929
4 0.7324022346368716 0.5271348762968874 0.06592178770949715 0.945730247406225
4 0.8027932960893855 0.5271348762968874 0.06592178770949715 0.945730247406225
3 0.8519553072625697 0.532561851556265 0.059217877094971956 0.9348762968874701
7 0.9044692737430168 0.5108539505187549 0.06592178770949729 0.9782920989624899
6 0.9558659217877096 0.5217079010375101 0.06145251396648049 0.9565841979249801
