8 0.44528843482823555 0.5321657677606537 0.05047686656995574 0.3860405886681088
1 0.49271273804747034 0.5325409286825856 0.04705083490231134 0.3865408032306844
2 0.5570264514336861 0.5351826868411907 0.05485971789252714 0.41483418942639605
5 0.6089076823358743 0.538199605921728 0.04698910460199304 0.397983211349614
7 0.6536436309762648 0.5425651329342104 0.044914966511313034 0.4075896408590861
6 0.7022161177814126 0.5330724066553226 0.04818049939812949 0.39929627457637573
9 0.7653939936417788 0.5294927461918876 0.05374239945677238 0.4042046299716537
0 0.8145436587548996 0.5348387893294191 0.044853236210993845 0.40370441540907664
4 0.8603598876508533 0.5322908214012977 0.047075527022437974 0.3984834259121895
8 0.9089323744560021 0.5323846116317807 0.048155807278002324 0.39804573816993577
