4 0.4480446927374302 0.4833415347208152 0.06703910614525142 0.38667322777665203
2 0.5005586592178771 0.48114452774481153 0.0603351955307263 0.38227921382464475
1 0.5625698324022348 0.4789475207688077 0.052513966480446615 0.3603091440646077
5 0.6089385474860335 0.4723564998407966 0.05363128491620141 0.3734911859206298
7 0.6553072625698323 0.4767505137928039 0.05251396648044687 0.3559151301126004
9 0.7039106145251395 0.4745535068168003 0.055865921787709424 0.37788519987263725
3 0.7681564245810057 0.4899325556488263 0.0547486033519553 0.3647031580166151
4 0.8156424581005587 0.483341534720815 0.051396648044692676 0.36030914406460746
6 0.8614525139664804 0.47675051379280403 0.053631284916201165 0.38227921382464475
8 0.9100558659217876 0.47675051379280403 0.056983240223463696 0.3471271022085854
