5 0.4357541899441341 0.4774746433801592 0.06033519553072634 0.3495796496176172
3 0.4871508379888268 0.47321147692140797 0.05139664804469263 0.34957964961761673
9 0.5486033519553072 0.47747464338015944 0.06033519553072622 0.3666323154526225
0 0.5966480446927374 0.48173780983891085 0.04692737430167597 0.3922113142051309
8 0.6391061452513966 0.494527309215165 0.051396648044692766 0.31547431794760533
6 0.6849162011173184 0.488132559527038 0.053631284916201026 0.3538428160763681
4 0.7491620111731843 0.5009220589032922 0.05474860335195504 0.3026848185713508
7 0.7938547486033519 0.494527309215165 0.05027932960893847 0.28989531919509676
1 0.840223463687151 0.49452730921516513 0.04916201117318437 0.2984216521125997
3 0.8860335195530724 0.4945273092151652 0.05810055865921782 0.30694798503010245
