2 0.43966480446927375 0.4830759119290174 0.07486033519553068 0.4929346040092014
5 0.4921787709497207 0.5027932960893854 0.07039106145251395 0.5192244495563588
3 0.5614525139664803 0.46993098915543885 0.06815642458100557 0.6243838317449886
3 0.610614525139665 0.46335852776864916 0.06145251396648053 0.6112389089714095
7 0.6614525139664803 0.47978968123562266 0.06927374301675983 0.5915215248110417
5 0.7039106145251397 0.48964837331580674 0.06256983240223463 0.5586592178770949
7 0.7787709497206703 0.48636214262241206 0.06927374301675983 0.6046664475846204
7 0.8245810055865923 0.46335852776864933 0.06033519553072622 0.6506736772921458
4 0.8754189944134079 0.4666447584620441 0.07039106145251373 0.5915215248110419
9 0.9240223463687149 0.4699309891554387 0.06480446927374302 0.5718041406506736
