2 0.44357541899441344 0.4413731681645212 0.07597765363128488 0.737138693223221
1 0.4983240223463687 0.46867460124686267 0.055865921787709424 0.7917415593879039
0 0.5653631284916202 0.4641243623998058 0.06480446927374295 0.7462391709173347
5 0.6106145251396647 0.4277224516233504 0.05251396648044711 0.7826410816937901
8 0.659776536312849 0.44592340701157807 0.056983240223463766 0.8554449032467007
1 0.7100558659217877 0.45957412355274874 0.0547486033519553 0.8463444255525868
9 0.7709497206703911 0.4186219739292366 0.06927374301675983 0.8008420370820178
8 0.8245810055865923 0.4095214962351227 0.05810055865921782 0.8190429924702454
7 0.8681564245810055 0.3822200631527812 0.06256983240223463 0.7644401263055624
4 0.9268156424581006 0.39587077969395196 0.07932960893854756 0.7917415593879039
