9 0.4463984112548488 0.46970397482822823 0.054887185483521686 0.41805689334103896
1 0.49837846532662683 0.46100622872921077 0.047095652604292514 0.4007641430681309
6 0.5676423096197034 0.46372567905991136 0.049270897133700434 0.4415077377512359
7 0.6167795739836797 0.46098054324792925 0.04928079585738404 0.44751171900083536
0 0.6659168383476555 0.4524882809991654 0.04492040807488453 0.42970525910229285
2 0.7150887482445232 0.46100622872921065 0.05150553400521044 0.4010723688435112
8 0.7854748603351959 0.45531047325499274 0.049399580541583825 0.38998908367045537
8 0.8324071839987127 0.45515636036730245 0.04717484239375833 0.402099788094779
4 0.8804716741835097 0.4493064920053941 0.05152533145257581 0.40138059461889186
5 0.9334948062634172 0.4552847877737108 0.05487728675983806 0.40102099788094764
