9 0.4525139664804469 0.5646803227808814 0.0581005586592179 0.3733423621691777
5 0.49888268156424576 0.5600135432537666 0.05698324022346363 0.3640088031149483
6 0.5553072625698321 0.5506799841995372 0.05586592178770974 0.4106765983860956
4 0.5977653631284915 0.5530133739630947 0.05139664804469269 0.4153433779132103
7 0.6385474860335194 0.5413464251453078 0.05027932960893819 0.3546752440607188
8 0.68268156424581 0.5483465944359799 0.053631284916201026 0.36867558264206307
1 0.7396648044692736 0.536679645618193 0.051396648044692766 0.3640088031149483
1 0.7776536312849163 0.5390130353817503 0.04916201117318412 0.3686755826420632
3 0.8184357541899441 0.5296794763275212 0.05251396648044684 0.36867558264206307
9 0.8625698324022345 0.5203459172732916 0.053631284916201 0.38734270075052185
